30
-1 10.7703 29.9666 35.7771 45.3431 39.3192 45 58.3095 34.5398 48.8774 41.0488 46.1411 38.9487 63.7809 75.0733 58.2409 54.7083 30.2324 37.8021 36.6742 49.3964 58.6941 60.8276 96.1769 65.4599 61.4003 73.1095 68 59.0762 57.4891 
10.7703 -1 24.0416 25.0599 36.0555 38.0789 40.4599 52.4976 27.8029 48.3839 36.1248 35.5106 28.3019 59.6657 70.9366 47.5395 43.9659 25.807 36.4005 37.4833 50.636 47.927 50.1199 89.1852 57.6975 53.3104 63.5059 58.1378 49.4975 47.3814 
29.9666 24.0416 -1 29.4279 47.0956 61.0574 16.6433 28.6007 5 29.0689 12.2066 38.2753 32.7567 35.805 47.0106 41.0122 39.0512 4.47214 17.4642 22.8254 34.2053 45 49.0918 66.2118 35.9026 32.249 46.8722 43.0116 33.5261 52.811 
35.7771 25.0599 29.4279 -1 18.1108 43.566 43.1856 49.3964 29 58.4209 39.0512 10.6301 3.60555 60.1664 70.2282 24 20.025 33.7343 46.8722 51.5461 63.561 23.0868 25.0599 79.2086 47.634 42.638 45.618 39.3954 33.0151 24.1868 
45.3431 36.0555 47.0956 18.1108 -1 35.3553 61.2944 67.0522 47.0425 76.1643 57.1402 14.8661 15.5242 78.1025 87.9318 31.6228 27.8029 51.2445 64.3817 68.4471 80.895 26.4008 24.7386 94.2019 63.6318 58.6686 57.3847 50.9902 47.0106 14.3178 
39.3192 38.0789 61.0574 43.566 35.3553 -1 77.6981 88.2383 63.8201 86.3771 73.2462 47.7598 43.8292 96.7988 107.898 65.192 61.0983 63.5295 74.4648 75 88.0568 61.131 60.0167 121.918 89.9389 85.0412 89.0674 82.7647 76.5506 49.0408 
45 40.4599 16.6433 43.1856 61.2944 77.6981 -1 14.3178 14.5602 18.6011 4.47214 50.1597 46.0435 19.2094 30.4795 47.4236 46.8188 14.8661 13.3417 20.8806 26.1725 53.1413 57.8705 52.8867 26.6833 25.0799 43.566 41.8688 33.2415 64.4981 
58.3095 52.4976 28.6007 49.3964 67.0522 88.2383 14.3178 -1 24.7588 27.7308 17.4642 53.9351 51.5461 12.1655 20.8806 46.3897 47.0425 28.178 27 34.1321 35.7771 53.1507 58.1378 38.6005 15 15.8114 34.7131 34.9857 28.4605 67.2681 
34.5398 27.8029 5 29 47.0425 63.8201 14.5602 24.7588 -1 29.8329 10.198 36.8782 32.0624 33.121 44.1022 37.6431 36.0555 8.06226 19.2354 25.6125 35.8469 42.19 46.5296 61.7171 31.0483 27.2947 41.9762 38.2753 28.7924 51.4198 
48.8774 48.3839 29.0689 58.4209 76.1643 86.3771 18.6011 27.7308 29.8329 -1 21.0238 66.7083 61.6604 23 32.0156 65.7647 64.8845 25 12.1655 12.7279 8.06226 71.1758 75.7694 62.0081 42.5441 42.2019 61.2209 60.1082 51.7397 81.2527 
41.0488 36.1248 12.2066 39.0512 57.1402 73.2462 4.47214 17.4642 10.198 21.0238 -1 46.3897 42 23.6008 34.8281 44.7772 43.8634 10.8167 13.0384 20.5913 28.0179 50.1597 54.7814 55.9732 28.0713 25.7099 43.382 41.0488 32.0156 60.8276 
46.1411 35.5106 38.2753 10.6301 14.8661 47.7598 50.1597 53.9351 36.8782 66.7083 46.3897 -1 7.2111 65.4905 74.7329 17.4642 13.4164 42.72 55.6597 60.9262 72.4224 14 14.8661 79.404 49.1935 44.2832 42.638 36.2353 32.2025 14.5602 
38.9487 28.3019 32.7567 3.60555 15.5242 43.8292 46.0435 51.5461 32.0624 61.6604 42 7.2111 -1 62.5859 72.4224 22.2036 18.1108 37.108 50.2195 55.0273 66.9403 20.3961 21.9317 80.0562 48.8262 43.8292 45.2769 38.9487 33.3017 20.5913 
63.7809 59.6657 35.805 60.1664 78.1025 96.7988 19.2094 12.1655 33.121 23 23.6008 65.4905 62.5859 -1 11.3137 58.5491 59.1354 33.9706 27.7308 33.2415 30.2655 65.2763 70.2567 39.0128 25.2389 27.313 45.4863 46.5188 40.5216 79.1012 
75.0733 70.9366 47.0106 70.2282 87.9318 107.898 30.4795 20.8806 44.1022 32.0156 34.8281 74.7329 72.4224 11.3137 -1 66 67.1193 45.2769 38.5876 43.4626 38.2099 73.0274 78.0256 32.28 29.6142 33.1361 49.0408 51.4198 47.0956 87.8237 
58.2409 47.5395 41.0122 24 31.6228 65.192 47.4236 46.3897 37.6431 65.7647 44.7772 17.4642 22.2036 58.5491 66 -1 4.12311 45.2769 56.6127 63.2535 72.7186 7.28011 12.1655 64.8845 37.4833 33.1361 26.2488 20 19.2354 24.1868 
54.7083 43.9659 39.0512 20.025 27.8029 61.0983 46.8188 47.0425 36.0555 64.8845 43.8634 13.4164 18.1108 59.1354 67.1193 4.12311 -1 43.4166 55.2268 61.6117 71.5891 6.32456 11.1803 67.7422 39.2938 34.7131 29.6985 23.3452 21.1896 21.5407 
30.2324 25.807 4.47214 33.7343 51.2445 63.5295 14.8661 28.178 8.06226 25 10.8167 42.72 37.108 33.9706 45.2769 45.2769 43.4166 -1 13.1529 18.3576 29.8329 49.4065 53.535 66.4831 37.2156 34 49.7293 46.2385 36.7696 57.2451 
37.8021 36.4005 17.4642 46.8722 64.3817 74.4648 13.3417 27 19.2354 12.1655 13.0384 55.6597 50.2195 27.7308 38.5876 56.6127 55.2268 13.1529 -1 7.61577 16.7631 61.4003 65.7647 64.9384 40.025 38.2753 56.356 54.0833 45 70.214 
36.6742 37.4833 22.8254 51.5461 68.4471 75 20.8806 34.1321 25.6125 12.7279 20.5913 60.9262 55.0273 33.2415 43.4626 63.2535 61.6117 18.3576 7.61577 -1 13.1529 67.6757 71.8679 71.4493 47.5395 45.8803 63.9531 61.5873 52.4309 75.3923 
49.3964 50.636 34.2053 63.561 80.895 88.0568 26.1725 35.7771 35.8469 8.06226 28.0179 72.4224 66.9403 30.2655 38.2099 72.7186 71.5891 29.8329 16.7631 13.1529 -1 77.8267 82.2922 69.1809 50.6063 50.2195 69.2026 67.9412 59.4138 86.977 
58.6941 47.927 45 23.0868 26.4008 61.131 53.1413 53.1507 42.19 71.1758 50.1597 14 20.3961 65.2763 73.0274 7.28011 6.32456 49.4065 61.4003 67.6757 77.8267 -1 5 72.0069 44.7214 40.3113 33.0151 26.9258 26.4764 17.2047 
60.8276 50.1199 49.0918 25.0599 24.7386 60.0167 57.8705 58.1378 46.5296 75.7694 54.7814 14.8661 21.9317 70.2567 78.0256 12.1655 11.1803 53.535 65.7647 71.8679 82.2922 5 -1 76.4853 49.6488 45.2769 37.2156 31.305 31.4006 13.4536 
96.1769 89.1852 66.2118 79.2086 94.2019 121.918 52.8867 38.6005 61.7171 62.0081 55.9732 79.404 80.0562 39.0128 32.28 64.8845 67.7422 66.4831 64.9384 71.4493 69.1809 72.0069 76.4853 -1 32.0156 36.8782 39.5601 45.1885 47.2017 89.0674 
65.4599 57.6975 35.9026 47.634 63.6318 89.9389 26.6833 15 31.0483 42.5441 28.0713 49.1935 48.8262 25.2389 29.6142 37.4833 39.2938 37.2156 40.025 47.5395 50.6063 44.7214 49.6488 32.0156 -1 5 20.2485 21.8403 18.2483 60.7289 
61.4003 53.3104 32.249 42.638 58.6686 85.0412 25.0799 15.8114 27.2947 42.2019 25.7099 44.2832 43.8292 27.313 33.1361 33.1361 34.7131 34 38.2753 45.8803 50.2195 40.3113 45.2769 36.8782 5 -1 19.105 19.2354 14 56.0446 
73.1095 63.5059 46.8722 45.618 57.3847 89.0674 43.566 34.7131 41.9762 61.2209 43.382 42.638 45.2769 45.4863 49.0408 26.2488 29.6985 49.7293 56.356 63.9531 69.2026 33.0151 37.2156 39.5601 20.2485 19.105 -1 6.40312 14.0357 50.2195 
68 58.1378 43.0116 39.3954 50.9902 82.7647 41.8688 34.9857 38.2753 60.1082 41.0488 36.2353 38.9487 46.5188 51.4198 20 23.3452 46.2385 54.0833 61.5873 67.9412 26.9258 31.305 45.1885 21.8403 19.2354 6.40312 -1 9.48683 44.1022 
59.0762 49.4975 33.5261 33.0151 47.0106 76.5506 33.2415 28.4605 28.7924 51.7397 32.0156 32.2025 33.3017 40.5216 47.0956 19.2354 21.1896 36.7696 45 52.4309 59.4138 26.4764 31.4006 47.2017 18.2483 14 14.0357 9.48683 -1 42.72 
57.4891 47.3814 52.811 24.1868 14.3178 49.0408 64.4981 67.2681 51.4198 81.2527 60.8276 14.5602 20.5913 79.1012 87.8237 24.1868 21.5407 57.2451 70.214 75.3923 86.977 17.2047 13.4536 89.0674 60.7289 56.0446 50.2195 44.1022 42.72 -1 
